Gene	Transcript	Best.transcript	Log2.ratio	FDR	Ctrl462	Ctrl1850	Ctrl18294	Mut1847	Mut1088	Mut20699	Chromosome	Begin	End	GeneDistance	GeneBegin	GeneEnd	RefSeq
2010110P09Rik	uc009jos.1	1	1.47691829870288	0.00264896982075624	10.5705572750476	9.72142000097642	10.8073015177722	11.9089535368705	11.8819167001293	11.8718787389916	chr7	129347565	129347767	-15343	129363009	129366053	NM_027363
2210407C18Rik	uc007jbw.2	1	-1.75736997195025	0.00525187754901591	9.27352986889263	9.86989557344473	8.78737312845937	8.19871018486051	7.65469409765833	6.92404453685932	chr11	58426939	58427177	-64	58421707	58426994	NM_144544
2810459M11Rik	uc011wog.1	1	-2.80470839519885	1.30062940057932e-12	10.1606169332645	10.101156486146	9.68242933604502	7.38853607425707	7.22117395425145	7.22445606590064	chr1	87936786	87937018	-5535	87942437	87952031	NM_001144992
2810459M11Rik	uc011wog.1	1	-2.80470839519885	1.30062940057932e-12	10.1606169332645	10.101156486146	9.68242933604502	7.38853607425707	7.22117395425145	7.22445606590064	chr1	87952912	87953095	10566	87942437	87952031	NM_001144993
2810459M11Rik	uc011wog.1	1	-2.80470839519885	1.30062940057932e-12	10.1606169332645	10.101156486146	9.68242933604502	7.38853607425707	7.22117395425145	7.22445606590064	chr1	87936786	87937018	-5535	87942437	87952031	NM_001144993
2810459M11Rik	uc011wog.1	1	-2.80470839519885	1.30062940057932e-12	10.1606169332645	10.101156486146	9.68242933604502	7.38853607425707	7.22117395425145	7.22445606590064	chr1	87952912	87953095	10566	87942437	87952031	NM_001144992
A4gnt	uc009rej.2	1	-3.46796483638441	3.5341931517203e-07	10.6447794840603	9.87700661441319	10.4610123659785	5.30138085768573	6.79884216837595	7.80265518043363	chr9	99509812	99510008	-3010	99512920	99522786	NM_001077424
Acsm3	uc009jlq.1	1	-1.17644841327614	0.0382495729845475	10.9597581526701	10.7456471038156	10.8073015177722	9.41406782600429	9.35533952944042	10.3177354168421	chr7	126904270	126904462	-70	126904436	126928405	NM_212442
Acsm3	uc009jlq.1	1	-1.17644841327614	0.0382495729845475	10.9597581526701	10.7456471038156	10.8073015177722	9.41406782600429	9.35533952944042	10.3177354168421	chr7	126904270	126904462	-70	126904436	126928403	NM_212441
Acsm3	uc009jlq.1	1	-1.17644841327614	0.0382495729845475	10.9597581526701	10.7456471038156	10.8073015177722	9.41406782600429	9.35533952944042	10.3177354168421	chr7	126913533	126913693	9177	126904436	126928410	NM_016870
Acsm3	uc009jlq.1	1	-1.17644841327614	0.0382495729845475	10.9597581526701	10.7456471038156	10.8073015177722	9.41406782600429	9.35533952944042	10.3177354168421	chr7	126904270	126904462	-70	126904436	126928410	NM_016870
Acsm3	uc009jlq.1	1	-1.17644841327614	0.0382495729845475	10.9597581526701	10.7456471038156	10.8073015177722	9.41406782600429	9.35533952944042	10.3177354168421	chr7	126913533	126913693	9177	126904436	126928405	NM_212442
Acsm3	uc009jlq.1	1	-1.17644841327614	0.0382495729845475	10.9597581526701	10.7456471038156	10.8073015177722	9.41406782600429	9.35533952944042	10.3177354168421	chr7	126913533	126913693	9177	126904436	126928403	NM_212441
Adamts15	uc009oqz.1	1	-2.50823411203462	0.00112951840705707	8.06283100750105	8.8747667628825	7.42323777057188	5.44087093725328	6.40024130921864	5.27211616840973	chr9	30657072	30657316	72843	30706739	30730037	NM_001024139
Ak4	uc008tvo.2	1	-2.00608809820238	0.0221967952259032	9.30052615414914	9.8186411765106	10.4563634822099	7.82191371857303	8.81555226932214	5.76829184890023	chr4	101065872	101066067	-26338	101092307	101140376	NM_009647
Ak4	uc008tvo.2	1	-2.00608809820238	0.0221967952259032	9.30052615414914	9.8186411765106	10.4563634822099	7.82191371857303	8.81555226932214	5.76829184890023	chr4	101065872	101066067	-25956	101091925	101140376	NM_001177604
Ak4	uc008tvo.2	1	-2.00608809820238	0.0221967952259032	9.30052615414914	9.8186411765106	10.4563634822099	7.82191371857303	8.81555226932214	5.76829184890023	chr4	101065872	101066067	-25947	101091916	101140376	NM_001177605
Ak4	uc008tvo.2	1	-2.00608809820238	0.0221967952259032	9.30052615414914	9.8186411765106	10.4563634822099	7.82191371857303	8.81555226932214	5.76829184890023	chr4	101065872	101066067	-25924	101091893	101140376	NM_001177602
Aldh1l1	uc009cxm.1	1	-2.10408590944068	0.00154572314370677	9.32704073900513	9.29005488846697	9.53486199532409	6.04570960505326	7.65469409765833	7.74665067637019	chr6	90464986	90465166	-35765	90500841	90549165	NM_027406
Alpi	uc007bwa.1	1	2.49521569579228	8.03585829898977e-06	11.1530530534372	10.4909571864118	10.8311433205325	13.3142193349997	13.7530108065603	12.3565337329779	chr1	88932293	88932466	65802	88994576	88998181	NM_001081082
Ang	uc007tmn.2	1	-1.61943940189989	7.87895626296798e-05	9.62569831161519	9.90592091326827	9.73426464512188	8.13858157191334	8.22907245226295	8.24263025701426	chr14	51715841	51716049	5194	51710751	51721684	NM_001161731
Ang	uc007tmn.2	1	-1.61943940189989	7.87895626296798e-05	9.62569831161519	9.90592091326827	9.73426464512188	8.13858157191334	8.22907245226295	8.24263025701426	chr14	51715841	51716049	271	51715674	51721684	NM_007447
Aqp4	uc008edr.2	1	-3.97126787418777	8.03585829898977e-06	11.0883299197232	10.0610779100565	13.3255241262574	7.49443103859005	7.25683786146099	8.98837684052477	chr18	15620355	15620566	-58267	15547902	15562193	NM_009700
Arhgap20	uc009plj.1	1	-1.74327738361199	0.000302178791059289	10.3056146630441	10.0766789126836	11.3966748734631	9.01013742413547	8.60425394287637	9.27880643621586	chr9	51558810	51559017	-14543	51573456	51661164	NM_175535
Atp2c2	uc009nqg.1	1	-1.63941295856036	0.0216828414034356	10.5666882676343	9.73337396142526	10.6807990690561	7.88161568112463	8.4371984667412	9.6319091282765	chr8	122239108	122239294	15293	122223908	122281618	NM_026922
Atp2c2	uc009nqg.1	1	-1.63941295856036	0.0216828414034356	10.5666882676343	9.73337396142526	10.6807990690561	7.88161568112463	8.4371984667412	9.6319091282765	chr8	122263494	122263707	39692	122223908	122281618	NM_026922
B3gnt6	uc009ikf.1	1	-2.41398163428465	0.00145511511412223	8.77293577129685	7.85760103619939	8.401831266478	5.30138085768573	6.18744928510092	6.25370163393591	chr7	105338329	105338520	9561	105340924	105347985	NM_001081167
B3gnt6	uc009ikf.1	1	-2.41398163428465	0.00145511511412223	8.77293577129685	7.85760103619939	8.401831266478	5.30138085768573	6.18744928510092	6.25370163393591	chr7	105350249	105350445	-2362	105340924	105347985	NM_001081167
Bace2	uc008ade.2	1	-1.53876206548942	0.00158297650766865	10.9893833395174	10.243187452988	10.7166555927709	8.79884767250799	9.06111426599132	9.69720290614139	chr16	97619598	97619837	41383	97578334	97660619	NM_019517
Bace2	uc008ade.2	1	-1.53876206548942	0.00158297650766865	10.9893833395174	10.243187452988	10.7166555927709	8.79884767250799	9.06111426599132	9.69720290614139	chr16	97621514	97621847	43346	97578334	97660619	NM_019517
Bace2	uc008ade.2	1	-1.53876206548942	0.00158297650766865	10.9893833395174	10.243187452988	10.7166555927709	8.79884767250799	9.06111426599132	9.69720290614139	chr16	97623447	97623662	45220	97578334	97660619	NM_019517
BB123696	uc011yzk.1	1	-3.04247445498764	0.00958435042604154	6.84424477504545	6.04570960505326	4.32290890342783	3.24459624169163	3.02633981704522	2.10759566861063	chr13	52945540	52945703	-93047	52824738	52852574	NR_027893
Capn8	uc011wxv.1	1	-3.08421168039424	0.00175217641878941	7.55483783303698	6.89309650786622	8.49093958723871	3.51416790265092	4.78522013998897	4.95228491693179	chr1	184504939	184505142	9903	184495137	184536657	NM_001145806
Capn8	uc011wxv.1	1	-3.08421168039424	0.00175217641878941	7.55483783303698	6.89309650786622	8.49093958723871	3.51416790265092	4.78522013998897	4.95228491693179	chr1	184504939	184505142	9903	184495137	184562483	NM_130890
Car2	uc008oqt.2	1	-3.04933979853987	2.98978235966111e-10	14.8706818016695	14.6366012889142	14.545903278476	10.9783308443613	11.2563521193326	12.7393150878369	chr3	14890627	14890856	4316	14886425	14900770	NM_009801
Car8	uc008rxv.1	1	-2.58635396817764	2.0948326429839e-10	11.8223747329671	11.3081216575469	12.4377351097509	8.97912159893357	9.22786177650627	9.8516696512787	chr4	8172921	8173093	-6819	8068639	8166188	NM_007592
Car8	uc008rxv.1	1	-2.58635396817764	2.0948326429839e-10	11.8223747329671	11.3081216575469	12.4377351097509	8.97912159893357	9.22786177650627	9.8516696512787	chr4	8220879	8221127	-54815	8068639	8166188	NM_007592
Cck	uc009sdg.2	1	3.22119066498504	1.44863148166288e-06	5.73910694770224	4.64673931447381	4.02007525544666	8.08608891710387	8.00613247983864	7.84285884443089	chr9	121365344	121365548	39361	121398941	121404807	NM_031161
Cck	uc009sdg.2	1	3.22119066498504	1.44863148166288e-06	5.73910694770224	4.64673931447381	4.02007525544666	8.08608891710387	8.00613247983864	7.84285884443089	chr9	121331693	121331972	72975	121398941	121404807	NM_031161
Ccl25	uc009ktw.2	1	2.44804338900958	0.00502339566519498	6.60145324331304	7.43421430602569	8.88476760073534	10.5757116680015	10.5598781453479	9.15987731816033	chr8	4384128	4384316	34635	4349587	4360020	NM_009138
Ccl6	uc007kpm.1	1	-1.92768399263442	2.29601958454692e-05	13.3679142177241	12.8209913373129	13.2729626009398	10.8294779454393	11.0154441077426	12.1301494536598	chr11	83412505	83412678	-6002	83401387	83406589	NM_009139
Cd177	uc009fql.1	1	-1.54849598440124	0.0168712458191818	12.3926235894207	11.267624413701	12.16079737792	10.1046431009212	11.0697881967727	10.1967186337115	chr7	25547634	25547817	-2395	25529001	25545330	NM_026862
Chga	uc007oui.1	1	-2.86746121387042	1.56165727978364e-12	12.2053762874372	11.8128422739467	11.6259396912251	8.98804404561451	9.47935057234703	8.99462126801869	chr12	103864099	103864303	71023	103793178	103803237	NM_007693
Cyp2s1	uc009fua.1	1	-1.20378549494875	0.00512019014239245	11.4794222630856	11.5309688174027	12.0009919807749	10.525246017542	10.4719775207538	10.534501448601	chr7	26611069	26611297	-9634	26587494	26601549	NM_028775
Cyp2s1	uc009fua.1	1	-1.20378549494875	0.00512019014239245	11.4794222630856	11.5309688174027	12.0009919807749	10.525246017542	10.4719775207538	10.534501448601	chr7	26601718	26601923	-271	26587494	26601549	NM_028775
Cyp4b1	uc008ufc.1	1	-2.48582207873636	2.0948326429839e-10	12.5115329185956	12.7503218231082	12.2440397908773	9.90493759232571	10.2487496982573	10.3057206488723	chr4	115331934	115332171	-11742	115297332	115320310	NM_007823
Ephx4	uc008yme.1	1	-2.82613070308151	0.00171971240445309	7.56536905643806	6.72824284725142	6.49016857218208	3.51416790265092	4.55025157762443	3.9758349975705	chr5	107839052	107839254	6622	107832531	107859050	NM_001001804
Ereg	uc008ybs.1	1	2.70062388302022	4.59394485947938e-07	7.04394424518543	6.70555757665633	6.56325283803426	9.63105199150867	9.68302145546271	8.38921696202148	chr5	91527375	91527586	23838	91503642	91522675	NM_007950
Ethe1	uc009fqb.1	1	-1.42749945937122	0.0105215601072574	13.8375150687331	13.8806146404691	13.2128811593794	12.4509516164056	12.134995242261	12.4694643459516	chr7	25380300	25380500	7839	25372561	25393944	NM_023154
Fabp7	uc007fct.1	1	3.76712280662865	0.00202810011920228	0	2.62717530235616	1.07864367792527	6.34583938779155	5.8106687836741	3.78246804028786	chr10	57482920	57483186	-21675	57504728	57508256	NM_021272
Fam55b	uc009phw.2	1	-5.17606725621146	1.75133676470167e-10	11.158887007387	8.41862410716752	11.6345601302709	5.60485226579895	5.31700356140751	6.14763445469229	chr9	48138881	48139044	10019	48126086	48148981	NM_030069
Fam83e	uc009gwy.1	1	-1.22296826171727	0.0112460004759957	12.9324935919606	13.0630642068339	12.8239123234347	11.7688988653756	11.5699314042495	12.0678986891049	chr7	52976433	52976593	-76	52976589	52984862	NM_001033170
Fam83e	uc009gwy.1	1	-1.22296826171727	0.0112460004759957	12.9324935919606	13.0630642068339	12.8239123234347	11.7688988653756	11.5699314042495	12.0678986891049	chr7	52983075	52983302	6599	52976589	52984862	NM_001033170
Far1	uc009jhp.1	1	-1.10612744963538	0.0282498421308087	12.2407947407726	11.9423052505136	12.2842097777472	10.984761856591	10.8287688344087	11.5514838732756	chr7	120646037	120646256	-11229	120657375	120713972	NM_027379
Far1	uc009jhp.1	1	-1.10612744963538	0.0282498421308087	12.2407947407726	11.9423052505136	12.2842097777472	10.984761856591	10.8287688344087	11.5514838732756	chr7	120646037	120646256	-11229	120657375	120713972	NM_026143
Ffar2	uc009ggn.1	1	-1.34376792934544	0.0193600724542353	9.0367004454362	9.00457065358897	9.46265514844735	7.71450153461545	8.16001656668695	7.66199930541523	chr7	31589100	31589295	16961	31603375	31606158	NM_001168511
Ffar2	uc009ggn.1	1	-1.34376792934544	0.0193600724542353	9.0367004454362	9.00457065358897	9.46265514844735	7.71450153461545	8.16001656668695	7.66199930541523	chr7	31589100	31589295	19597	31603375	31608794	NM_146187
Ffar2	uc009ggn.1	1	-1.34376792934544	0.0193600724542353	9.0367004454362	9.00457065358897	9.46265514844735	7.71450153461545	8.16001656668695	7.66199930541523	chr7	31589100	31589295	17470	31603375	31606667	NM_001168509
Ffar2	uc009ggn.1	1	-1.34376792934544	0.0193600724542353	9.0367004454362	9.00457065358897	9.46265514844735	7.71450153461545	8.16001656668695	7.66199930541523	chr7	31589100	31589295	16799	31603375	31605996	NM_001168512
Ffar2	uc009ggn.1	1	-1.34376792934544	0.0193600724542353	9.0367004454362	9.00457065358897	9.46265514844735	7.71450153461545	8.16001656668695	7.66199930541523	chr7	31589100	31589295	17014	31603375	31606211	NM_001168510
Fut9	uc008sei.1	1	-4.07093059628636	1.47203868576221e-05	6.39267479817302	6.52291069119067	7.21765959413271	2.48302206273401	1.81908052342301	2.62717530235616	chr4	25814129	25814317	-87073	25536479	25727150	NM_010243
Fut9	uc008sei.1	1	-4.07093059628636	1.47203868576221e-05	6.39267479817302	6.52291069119067	7.21765959413271	2.48302206273401	1.81908052342301	2.62717530235616	chr4	25724328	25724501	2736	25536479	25727150	NM_010243
Fut9	uc008sei.1	1	-4.07093059628636	1.47203868576221e-05	6.39267479817302	6.52291069119067	7.21765959413271	2.48302206273401	1.81908052342301	2.62717530235616	chr4	25822878	25823078	-95828	25536479	25727150	NM_010243
Gck	uc007hxn.1	1	3.33138846227911	8.72457305966759e-05	3.05151077047267	3.13890012044006	3.14588884585938	6.57009800452327	6.40024130921864	6.12017668860516	chr11	5904551	5904720	-55033	5800825	5849602	NM_010292
Gcnt1	uc008gxn.2	1	1.92890222510743	4.0079839878624e-05	9.89990267095679	10.4722151502129	9.71950062772489	11.7535663726465	12.3425380443097	11.7640234227143	chr19	17398664	17398861	15296	17400630	17414058	NM_001136484
Gcnt1	uc008gxn.2	1	1.92890222510743	4.0079839878624e-05	9.89990267095679	10.4722151502129	9.71950062772489	11.7535663726465	12.3425380443097	11.7640234227143	chr19	17420759	17420970	10293	17400630	17431157	NM_173442
Gcnt1	uc008gxn.2	1	1.92890222510743	4.0079839878624e-05	9.89990267095679	10.4722151502129	9.71950062772489	11.7535663726465	12.3425380443097	11.7640234227143	chr19	17420759	17420970	26470	17400630	17447334	NM_010265
Gcnt1	uc008gxn.2	1	1.92890222510743	4.0079839878624e-05	9.89990267095679	10.4722151502129	9.71950062772489	11.7535663726465	12.3425380443097	11.7640234227143	chr19	17420759	17420970	-6806	17400630	17414058	NM_001136484
Gcnt3	uc009qnt.1	1	-1.55166104224322	0.000826011871815362	14.407950188155	14.240323460867	14.1737507433814	12.6092581229663	12.9939267471389	12.8945915743561	chr9	69887464	69887661	-1667	69879302	69885895	NM_028087
Gcnt3	uc009qnt.1	1	-1.55166104224322	0.000826011871815362	14.407950188155	14.240323460867	14.1737507433814	12.6092581229663	12.9939267471389	12.8945915743561	chr9	69909940	69910120	-24135	69879302	69885895	NM_028087
Gcnt3	uc009qnt.1	1	-1.55166104224322	0.000826011871815362	14.407950188155	14.240323460867	14.1737507433814	12.6092581229663	12.9939267471389	12.8945915743561	chr9	69894224	69894392	-8413	69879302	69885895	NM_028087
Gcnt3	uc009qnt.1	1	-1.55166104224322	0.000826011871815362	14.407950188155	14.240323460867	14.1737507433814	12.6092581229663	12.9939267471389	12.8945915743561	chr9	69915534	69915720	-29732	69879302	69885895	NM_028087
Gmds	uc007pzq.1	1	-1.38331419593283	0.00776359077230975	12.6780487775054	12.0678127504195	12.1459630262894	10.9993221638165	11.1372380132267	10.9326067684818	chr13	32261188	32261363	169138	31911454	32430413	NM_146041
Gmds	uc007pzq.1	1	-1.38331419593283	0.00776359077230975	12.6780487775054	12.0678127504195	12.1459630262894	10.9993221638165	11.1372380132267	10.9326067684818	chr13	32474206	32474387	-43883	31911454	32430413	NM_146041
Gmds	uc007pzq.1	1	-1.38331419593283	0.00776359077230975	12.6780487775054	12.0678127504195	12.1459630262894	10.9993221638165	11.1372380132267	10.9326067684818	chr13	32415681	32415909	14618	31911454	32430413	NM_146041
Gmds	uc007pzq.1	1	-1.38331419593283	0.00776359077230975	12.6780487775054	12.0678127504195	12.1459630262894	10.9993221638165	11.1372380132267	10.9326067684818	chr13	32410268	32410484	20037	31911454	32430413	NM_146041
Gmds	uc007pzq.1	1	-1.38331419593283	0.00776359077230975	12.6780487775054	12.0678127504195	12.1459630262894	10.9993221638165	11.1372380132267	10.9326067684818	chr13	32409395	32409595	20918	31911454	32430413	NM_146041
Gmds	uc007pzq.1	1	-1.38331419593283	0.00776359077230975	12.6780487775054	12.0678127504195	12.1459630262894	10.9993221638165	11.1372380132267	10.9326067684818	chr13	32206410	32206659	223879	31911454	32430413	NM_146041
Gmds	uc007pzq.1	1	-1.38331419593283	0.00776359077230975	12.6780487775054	12.0678127504195	12.1459630262894	10.9993221638165	11.1372380132267	10.9326067684818	chr13	32425920	32426092	4407	31911454	32430413	NM_146041
Gna14	uc008gwu.2	1	-2.60636471359308	0.00630650085615991	8.65447438011889	7.84768413029877	10.0555627424906	5.92947792238526	5.914005366927	7.18620149283169	chr19	16509446	16509685	-591	16510156	16685308	NM_008137
Gstm3	uc008qxv.1	1	-2.00325484938824	0.0219364791822155	9.8649714727264	9.04484401872853	7.74520003068075	7.10509633567713	7.8154578743187	6.42179205088527	chr3	107771738	107771946	250	107766613	107772092	NM_010359
Hsd17b2	uc009npf.1	1	-1.46543849563148	0.00357517163347307	12.3549358931797	12.4989971236774	11.9186391566802	11.0500562468007	10.8779651645372	10.777991837737	chr8	120219784	120219984	-5961	120225845	120282929	NM_008290
Hsd17b2	uc009npf.1	1	-1.46543849563148	0.00357517163347307	12.3549358931797	12.4989971236774	11.9186391566802	11.0500562468007	10.8779651645372	10.777991837737	chr8	120225281	120225440	-485	120225845	120282929	NM_008290
Igdcc4	uc012gvg.1	1	-1.5705444042744	0.00228525881713389	10.6500125135199	10.6298578132927	10.9244958810871	8.58211991774041	8.95077168074903	9.92490109494631	chr9	64955825	64956056	6639	64949301	64985750	NM_020043
Insrr	uc008psy.2	1	-4.88876371112321	1.62470996957869e-10	8.30166634778711	8.03502171138932	9.3419677620446	1.797040311211	4.11809649301441	3.9758349975705	chr3	87605651	87605837	4872	87600872	87620023	NM_011832
Itih2	uc008ihq.2	1	-3.43681184285942	0.03820495266594	4.55025157762443	3.46520069276647	4.73899636528623	0	0	0	chr2	10064583	10064780	-12371	10016217	10052310	NM_010582
Kcne3	uc009imp.2	1	-2.06049342462538	2.10575923071896e-07	11.5646951811142	11.3995541781964	11.1237263146984	9.09871078332014	9.48842074921433	9.65389023295239	chr7	107328674	107328853	1571	107327192	107333379	NM_001190871
Kcne3	uc009imp.2	1	-2.06049342462538	2.10575923071896e-07	11.5646951811142	11.3995541781964	11.1237263146984	9.09871078332014	9.48842074921433	9.65389023295239	chr7	107328674	107328853	1571	107327192	107333379	NM_001190950
Kcne3	uc009imp.2	1	-2.06049342462538	2.10575923071896e-07	11.5646951811142	11.3995541781964	11.1237263146984	9.09871078332014	9.48842074921433	9.65389023295239	chr7	107328674	107328853	1571	107327192	107333379	NM_020574
Kcne3	uc009imp.2	1	-2.06049342462538	2.10575923071896e-07	11.5646951811142	11.3995541781964	11.1237263146984	9.09871078332014	9.48842074921433	9.65389023295239	chr7	107328674	107328853	3584	107325179	107333379	NM_001190869
Kcne3	uc009imp.2	1	-2.06049342462538	2.10575923071896e-07	11.5646951811142	11.3995541781964	11.1237263146984	9.09871078332014	9.48842074921433	9.65389023295239	chr7	107328674	107328853	1571	107327192	107333379	NM_001190870
Kdm5d	uc009uzb.1	1	7.68038484525469	3.30543165593604e-05	0	2.62717530235616	0	9.59276889640199	0	10.0277637221858	chrY	235572	235746	1429	234230	280254	NM_011419
Maf	uc009nof.1	1	2.37972615676777	4.11059068846815e-06	9.30327851166106	8.92540892788642	8.76735765203478	11.5437139081872	11.7066051621954	10.3685567362052	chr8	118281993	118282170	-51287	118227152	118230794	NM_001025577
Maob	uc009ssb.2	1	-1.93650076925857	0.000818134180669042	10.1101385529941	9.68706099616559	9.76444324693995	7.70389062060091	7.30113696368413	8.70483944879659	chrX	16390968	16391141	3438	16286406	16394492	NM_172778
Mkx	uc008dzp.2	1	-1.72154500273954	0.00319285921229883	9.35790204067704	9.7784843050913	9.52753137872076	7.12272716616282	7.97089878034391	8.3771736979219	chr18	7004680	7004844	15	6934963	7004777	NM_177595
Mkx	uc008dzp.2	1	-1.72154500273954	0.00319285921229883	9.35790204067704	9.7784843050913	9.52753137872076	7.12272716616282	7.97089878034391	8.3771736979219	chr18	6989374	6989584	15298	6934963	7004777	NM_177595
Mmp15	uc009myh.1	1	-2.54723537799281	4.45216963007476e-09	12.2800351700268	12.1612154140464	11.8123085996708	9.43863115337467	9.18991665641372	10.2959440751795	chr8	97883275	97883444	7123	97876236	97898193	NM_008609
Mmp15	uc009myh.1	1	-2.54723537799281	4.45216963007476e-09	12.2800351700268	12.1612154140464	11.8123085996708	9.43863115337467	9.18991665641372	10.2959440751795	chr8	97887858	97888071	11728	97876236	97898193	NM_008609
Mpst	uc007wpf.2	1	-1.68970880393068	0.0259393098466745	12.8053635644657	12.1324056745051	10.9624308287704	10.7349734706436	10.6183418827228	10.4502305679733	chr15	78240064	78240223	2913	78237230	78244445	NM_001162492
Mpst	uc007wpf.2	1	-1.68970880393068	0.0259393098466745	12.8053635644657	12.1324056745051	10.9624308287704	10.7349734706436	10.6183418827228	10.4502305679733	chr15	78240064	78240223	3002	78237141	78244445	NM_001162493
Mpst	uc007wpf.2	1	-1.68970880393068	0.0259393098466745	12.8053635644657	12.1324056745051	10.9624308287704	10.7349734706436	10.6183418827228	10.4502305679733	chr15	78240064	78240223	2610	78237533	78244445	NM_138670
Nov	uc007vrn.1	1	-3.23149396678963	0.0181709392280804	11.1080515329673	9.68706099616559	10.451756070572	5.1519969341566	5.16435486443514	8.76816421306264	chr15	54642404	54642644	65042	54577482	54585316	NM_010930
Nupr1	uc009jsd.1	1	-1.50593296143878	0.00868876082062107	12.5992495487361	11.3252370272557	12.8832593710198	10.7543990091338	10.7351167266603	11.299727566853	chr7	133780287	133780478	-11398	133766759	133768984	NM_019738
Paqr8	uc007ald.1	1	-2.10313214084051	0.0286679983816458	10.86725436171	10.4142081885994	10.0405182984103	9.44306019586543	6.54592191709143	8.02531647580302	chr1	20853869	20854113	-26711	20880702	20928837	NM_028829
Pde8b	uc007rmd.2	1	-1.35452715724599	0.00333031333207469	9.9373388662023	9.74141570497218	9.82181604564984	8.33031865565717	8.50620130946769	8.77482889492098	chr13	95883782	95884020	109104	95794059	95993005	NM_001170669
Pde8b	uc007rmd.2	1	-1.35452715724599	0.00333031333207469	9.9373388662023	9.74141570497218	9.82181604564984	8.33031865565717	8.50620130946769	8.77482889492098	chr13	96030469	96030689	-10320	95794059	96020259	NM_172263
Pde8b	uc007rmd.2	1	-1.35452715724599	0.00333031333207469	9.9373388662023	9.74141570497218	9.82181604564984	8.33031865565717	8.50620130946769	8.77482889492098	chr13	95883782	95884020	136358	95794059	96020259	NM_172263
Pdk4	uc009awk.1	1	1.85718174050674	1.77903485842238e-07	9.32049024419765	9.54843939678193	9.70013264225825	11.2655094705789	11.4191722861306	11.4599328586722	chr6	5459792	5459995	-13615	5433350	5446278	NM_013743
Pim3	uc007xeq.1	1	-1.04379218206407	0.0420656761503684	10.8118381408271	10.8879484709317	10.6579746992853	9.81031028439961	9.68703499720996	9.90507885858701	chr15	88739320	88739521	46797	88692623	88696156	NM_145478
Pim3	uc007xeq.1	1	-1.04379218206407	0.0420656761503684	10.8118381408271	10.8879484709317	10.6579746992853	9.81031028439961	9.68703499720996	9.90507885858701	chr15	88682236	88682497	-10257	88692623	88696156	NM_145478
Pim3	uc007xeq.1	1	-1.04379218206407	0.0420656761503684	10.8118381408271	10.8879484709317	10.6579746992853	9.81031028439961	9.68703499720996	9.90507885858701	chr15	88681016	88681241	-11495	88692623	88696156	NM_145478
Pla2g10	uc007ygi.1	1	-2.21569388400321	1.63617818014582e-05	10.4742875812752	10.0199377436021	9.72748943391775	7.64154834130068	7.51713361416226	8.59307764646177	chr16	13729664	13729842	925	13715154	13730678	NM_011987
Pla2g10	uc007ygi.1	1	-2.21569388400321	1.63617818014582e-05	10.4742875812752	10.0199377436021	9.72748943391775	7.64154834130068	7.51713361416226	8.59307764646177	chr16	13715235	13715437	15342	13715154	13730678	NM_011987
Pla2g2f	uc008vlf.2	1	3.09213148424049	0.00830675666607766	5.64470396400034	5.31737042634196	5.23404582416192	6.65133315357944	7.05752222565622	9.63474276080306	chr4	138303883	138304055	9544	138306447	138313513	NM_012045
Pllp	uc009mwv.1	1	-2.20025773216032	1.27951089727763e-06	11.2285540957986	11.1739949463576	11.0122668700816	8.60395480578781	8.58579105776012	9.72305753599133	chr8	97202637	97202798	17425	97198794	97220142	NM_026385
Pllp	uc009mwv.1	1	-2.20025773216032	1.27951089727763e-06	11.2285540957986	11.1739949463576	11.0122668700816	8.60395480578781	8.58579105776012	9.72305753599133	chr8	97210004	97210196	10042	97198794	97220142	NM_026385
Pnoc	uc007uji.1	1	6.18513997100245	2.29494061832361e-06	0	0	0	7.49443103859005	7.72691513633963	3.89065358525282	chr14	66006920	66007192	37253	66019509	66044309	NM_010932
Pnoc	uc007uji.1	1	6.18513997100245	2.29494061832361e-06	0	0	0	7.49443103859005	7.72691513633963	3.89065358525282	chr14	66006920	66007192	37253	66019509	66044309	NM_001205075
Pou2af1	uc009plg.1	1	1.78031786146667	0.0145020171198336	7.09608028021688	7.03595263357039	7.41114111038465	9.4917453364061	8.70954742736436	8.0695805381925	chr9	50976192	50976347	-45525	51021794	51048184	NM_011136
Pqlc1	uc008fsy.2	1	-1.36079641162227	0.00630650085615991	9.78067980164898	9.90089857828123	9.65777786177996	8.27323153360653	8.30433339156533	8.84915042732987	chr18	80424025	80424220	-27861	80451983	80489463	NM_001164420
Pqlc1	uc008fsy.2	1	-1.36079641162227	0.00630650085615991	9.78067980164898	9.90089857828123	9.65777786177996	8.27323153360653	8.30433339156533	8.84915042732987	chr18	80424025	80424220	-28922	80453044	80489463	NM_001164421
Pqlc1	uc008fsy.2	1	-1.36079641162227	0.00630650085615991	9.78067980164898	9.90089857828123	9.65777786177996	8.27323153360653	8.30433339156533	8.84915042732987	chr18	80424025	80424220	-28922	80453044	80471885	NM_001164423
Pqlc1	uc008fsy.2	1	-1.36079641162227	0.00630650085615991	9.78067980164898	9.90089857828123	9.65777786177996	8.27323153360653	8.30433339156533	8.84915042732987	chr18	80424025	80424220	-28842	80452964	80489463	NM_001164422
Pqlc1	uc008fsy.2	1	-1.36079641162227	0.00630650085615991	9.78067980164898	9.90089857828123	9.65777786177996	8.27323153360653	8.30433339156533	8.84915042732987	chr18	80424025	80424220	-28922	80453044	80489463	NM_025861
Pqlc1	uc008fsy.2	1	-1.36079641162227	0.00630650085615991	9.78067980164898	9.90089857828123	9.65777786177996	8.27323153360653	8.30433339156533	8.84915042732987	chr18	80424025	80424220	-28842	80452964	80471885	NM_001164424
Ptprn2	uc007phx.2	1	-1.72369987320929	0.006987078714247	11.5658114297559	10.2765996350038	11.5063481230272	9.04921204909854	9.11541311824737	10.3057206488723	chr12	117819344	117819531	95245	117724192	118516640	NM_011215
Ptprn2	uc007phx.2	1	-1.72369987320929	0.006987078714247	11.5658114297559	10.2765996350038	11.5063481230272	9.04921204909854	9.11541311824737	10.3057206488723	chr12	117722172	117722378	-1917	117724192	118516640	NM_011215
Ptprn2	uc007phx.2	1	-1.72369987320929	0.006987078714247	11.5658114297559	10.2765996350038	11.5063481230272	9.04921204909854	9.11541311824737	10.3057206488723	chr12	117859835	117860073	135762	117724192	118516640	NM_011215
Ramp1	uc007bzx.2	1	-1.57936220597272	0.00543012961226852	9.80228667305409	9.45340958691783	9.50612052624151	8.19871018486051	7.41360199567606	8.45677319494851	chr1	93077915	93078081	1600	93076398	93121773	NM_016894
Ramp1	uc007bzx.2	1	-1.57936220597272	0.00543012961226852	9.80228667305409	9.45340958691783	9.50612052624151	8.19871018486051	7.41360199567606	8.45677319494851	chr1	93077915	93078081	1600	93076398	93103367	NM_178401
Ramp1	uc007bzx.2	1	-1.57936220597272	0.00543012961226852	9.80228667305409	9.45340958691783	9.50612052624151	8.19871018486051	7.41360199567606	8.45677319494851	chr1	93077915	93078081	1600	93076398	93103367	NM_001168392
Rdh12	uc011yog.1	1	2.26350235526007	0.0382495729845475	3.93856379026862	4.16963730633402	3.4946061799025	6.57009800452327	6.07346822385449	5.00221939117923	chr12	80312264	80312436	2450	80309900	80323648	NM_030017
Reg4	uc008qpq.1	1	-3.49909748344181	6.59807180834637e-05	11.9805297039543	11.0515969889735	8.71996648588481	7.57511254219934	7.22117395425145	8.42604835231815	chr3	98046677	98046956	20738	98026078	98040671	NM_026328
Reg4	uc008qpq.1	1	-3.49909748344181	6.59807180834637e-05	11.9805297039543	11.0515969889735	8.71996648588481	7.57511254219934	7.22117395425145	8.42604835231815	chr3	98002206	98002358	-23796	98026078	98040671	NM_026328
Retnlb	uc007zju.1	1	-3.17787264355529	9.53092016861101e-05	9.65801685882702	9.66240605173447	12.2940350428711	7.16937514678353	7.62981205372827	8.47855325461185	chr16	48826694	48826920	9839	48816968	48819005	NM_023881
Rgs17	uc007egh.2	1	-4.60704971259906	4.49821469914762e-07	9.79081374388601	9.438346392924	10.4475793269526	4.29856421633106	2.53716042659793	6.37125118426678	chr10	4436151	4436367	12119	4424140	4520877	NM_001161822
Rgs17	uc007egh.2	1	-4.60704971259906	4.49821469914762e-07	9.79081374388601	9.438346392924	10.4475793269526	4.29856421633106	2.53716042659793	6.37125118426678	chr10	4436151	4436367	12119	4424140	4520877	NM_019958
Rnase4	uc007tmo.2	1	-1.50848660875051	0.00218935785410321	12.5696496946895	12.28583210024	12.784144819707	10.513742607719	10.8315809098584	11.8594304407237	chr14	51715841	51716049	271	51715674	51725826	NM_201239
Rnase4	uc007tmo.2	1	-1.50848660875051	0.00218935785410321	12.5696496946895	12.28583210024	12.784144819707	10.513742607719	10.8315809098584	11.8594304407237	chr14	51715841	51716049	5194	51710751	51725826	NM_021472
Sgsm3	uc007wwb.2	1	-1.2220081415752	0.0341141052152899	11.1363483150954	10.924398762982	11.2429172752858	9.44739362229523	9.58601800318852	10.6031144485179	chr15	80820279	80820505	12198	80808194	80842720	NM_134091
Sgsm3	uc007wwb.2	1	-1.2220081415752	0.0341141052152899	11.1363483150954	10.924398762982	11.2429172752858	9.44739362229523	9.58601800318852	10.6031144485179	chr15	80863528	80863708	55424	80808194	80842720	NM_134091
Slc45a3	uc007cnz.1	1	-2.44836020797106	4.19469456810558e-07	8.99126469762934	9.16452115693777	9.0526072433518	6.46772635943345	6.72824284725142	6.76432592665551	chr1	133870619	133870791	3520	133867185	133879541	NM_145977
Slc45a3	uc007cnz.1	1	-2.44836020797106	4.19469456810558e-07	8.99126469762934	9.16452115693777	9.0526072433518	6.46772635943345	6.72824284725142	6.76432592665551	chr1	133870619	133870791	11162	133859543	133878892	NM_001177628
Slco2a1	uc009rgd.1	1	-1.21546718452349	0.0266394115936906	12.0802990156994	12.0837085204862	11.911094476941	10.9769021757813	11.0392803186891	10.485767210488	chr9	102910071	102910243	-661	102910818	102990179	NM_033314
Slco2a1	uc009rgd.1	1	-1.21546718452349	0.0266394115936906	12.0802990156994	12.0837085204862	11.911094476941	10.9769021757813	11.0392803186891	10.485767210488	chr9	102869563	102869844	-41115	102910818	102990179	NM_033314
Slco2a1	uc009rgd.1	1	-1.21546718452349	0.0266394115936906	12.0802990156994	12.0837085204862	11.911094476941	10.9769021757813	11.0392803186891	10.485767210488	chr9	102898598	102898787	-12126	102910818	102990179	NM_033314
Smpd3	uc009nfx.1	1	-1.25763326618466	0.00704615482116402	11.1576917187227	10.8443526245493	11.3176032504772	9.59681492982275	9.75498774699386	10.3254745063159	chr8	108839345	108839548	22442	108776447	108861888	NM_021491
Smpd3	uc009nfx.1	1	-1.25763326618466	0.00704615482116402	11.1576917187227	10.8443526245493	11.3176032504772	9.59681492982275	9.75498774699386	10.3254745063159	chr8	108811177	108811463	50568	108776447	108861888	NM_021491
Smpd3	uc009nfx.1	1	-1.25763326618466	0.00704615482116402	11.1576917187227	10.8443526245493	11.3176032504772	9.59681492982275	9.75498774699386	10.3254745063159	chr8	108832345	108832555	29438	108776447	108861888	NM_021491
Smpd3	uc009nfx.1	1	-1.25763326618466	0.00704615482116402	11.1576917187227	10.8443526245493	11.3176032504772	9.59681492982275	9.75498774699386	10.3254745063159	chr8	108793028	108793209	68770	108776447	108861888	NM_021491
Snord123	uc011zrx.1	1	-1.12050612546313	0.0416547417524574	9.6997767256384	9.40597180060088	9.5374695104678	8.47818219600953	8.44430085561984	8.54869873805371	chr15	32156142	32156314	15459	32171599	32171687	NR_028575
Sord	uc008maj.1	1	-1.13135201937936	0.0361225214062649	11.4329464549984	11.3842869331961	10.9537201827161	10.191677674561	10.2487496982573	10.2479287373258	chr2	122092183	122092440	31737	122060574	122091073	NM_146126
Sord	uc008maj.1	1	-1.13135201937936	0.0361225214062649	11.4329464549984	11.3842869331961	10.9537201827161	10.191677674561	10.2487496982573	10.2479287373258	chr2	122067771	122067987	7305	122060574	122091073	NM_146126
Spnb4	uc009fwc.1	1	-2.30024008957926	0.042164954636644	5.68660964503633	6.4946448067438	6.09312326380549	3.51416790265092	3.66721183057703	3.6853911853689	chr7	28218418	28218602	13098	28141401	28231608	NM_032610
Sult1c2	uc008czu.1	1	-4.01010289476911	6.39590668020933e-10	11.7246807555985	12.0206687052431	11.1432331601294	8.34398094846029	8.22907245226295	5.45457973935584	chr17	53994456	53994608	-9249	53968961	53985283	NM_026935
Sycn	uc009fzf.2	1	-6.29573838209661	1.29761184795087e-32	10.4069421005447	9.75798045765511	10.852708045157	3.24459624169163	3.89157455768868	4.48461530644196	chr7	29325538	29325731	-269	29325903	29327229	NM_026716
Tlr1	uc008xmw.1	1	-1.21710505056645	0.00704615482116402	10.5032781743704	10.9769021757813	10.9624308287704	9.76450839060204	9.47577888311321	9.73415747317574	chr5	65256063	65256244	67785	65316072	65323938	NM_030682
Wfdc2	uc008nve.1	1	-1.24246839060391	0.0196939773642349	10.3149402735317	10.511561213598	9.71950062772489	8.99987769183728	9.11541311824737	9.07432369290946	chr2	164384615	164384779	-3518	164388215	164394006	NM_026323
